4439,5
4439,4
4506,5
4506,4
4506,3
4506,2
4506,1
4506,0
4505,4
4505,3
4505,2
4505,1
4505,0
4504,3
4504,2
4504,1
4504,0
4503,5
4503,4
4503,3
4503,2
4503,1
4503,0
4502,4
4502,3
4502,2
4502,1
4502,0
4501,3
4501,2
4501,1
4501,0
4500,6
4500,5
4500,4
4500,3
4500,2
4500,1
4500,0
4499,5
4499,4
4499,3
4499,2
4499,1
4499,0
4498,4
4498,3
4498,2
4498,1
4498,0
4497,3
4497,2
4497,1
4497,0
4496,7
4496,6
4496,5
4496,4
4496,3
4496,2
4496,1
4496,0
4495,6
4495,5
4495,4
4495,3
4495,2
4495,1
4495,0
4494,5
4494,4
4494,3
4494,2
4494,1
4494,0
4493,4
4493,3
4493,2
4493,1
4493,0
4492,3
4492,2
4492,1
4492,0
4491,6
4491,5
4491,4
4491,3
4491,2
4491,1
4491,0
4490,5
4490,4
4490,3
4490,2
4490,1
4490,0
4489,4
4489,3
4489,2
4489,1
4489,0
4488,3
4488,2
4488,1
4488,0
4487,7
4487,6
4487,5
4487,4
4487,3
4487,2
4487,1
4487,0
4486,6
4486,5
4486,4
4486,3
4486,2
4486,1
4486,0
4485,5
4485,4
4485,3
4485,2
4485,1
4485,0
4484,4
4484,3
4484,2
4484,1
4484,0
4483,3
4483,2
4483,1
4483,0
4482,7
4482,6
4482,5
4482,4
4482,3
4482,2
4482,1
4482,0
4481,6
4481,5
4481,4
4481,3
4481,2
4481,1
4481,0
4480,5
4480,4
4480,3
4480,2
4480,1
4480,0
4479,4
4479,3
4479,2
4479,1
4479,0
4478,3
4478,2
4478,1
4478,0
4477,5
4477,4
4477,3
4477,2
4477,1
4477,0
4476,4
4476,3
4476,2
4476,1
4476,0
4475,3
4475,2
4475,1
4475,0
4474,6
4474,5
4474,4
4474,3
4474,2
4474,1
4474,0
4473,5
4473,4
4473,3
4473,2
4473,1
4473,0
4472,4
4472,3
4472,2
4472,1
4472,0
4471,3
4471,2
4471,1
4471,0
4470,5
4470,4
4470,3
4470,2
4470,1
4470,0
4469,4
4469,3
4469,2
4469,1
4469,0
4468,3
4468,2
4468,1
4468,0
4467,6
4467,5
4467,4
4467,3
4467,2
4467,1
4467,0
4466,5
4466,4
4466,3
4466,2
4466,1
4466,0
4465,4
4465,3
4465,2
4465,1
4465,0
4464,3
4464,2
4464,1
4464,0
4463,5
4463,4
4463,3
4463,2
4463,1
4463,0
4462,4
4462,3
4462,2
4462,1
4462,0
4461,3
4461,2
4461,1
4461,0
4460,5
4460,4
4460,3
4460,2
4460,1
4460,0
4459,4
4459,3
4459,2
4459,1
4459,0
4458,3
4458,2
4458,1
4458,0
4457,3
4457,2
4457,1
4457,0
4456,5
4456,4
4456,3
4456,2
4456,1
4456,0
4455,4
4455,3
4455,2
4455,1
4455,0
4454,3
4454,2
4454,1
4454,0
4453,3
4453,2
4453,1
4453,0
4452,3
4452,2
4452,1
4452,0
4451,5
4451,4
4451,3
4451,2
4451,1
4451,0
4450,4
4450,3
4450,2
4450,1
4450,0
4449,3
4449,2
4449,1
4449,0
4448,4
4448,3
4448,2
4448,1
4448,0
4447,3
4447,2
4447,1
4447,0
4446,3
4446,2
4446,1
4446,0
4445,4
4445,3
4445,2
4445,1
4445,0
4444,3
4444,2
4444,1
4444,0
4443,4
4443,3
4443,2
4443,1
4443,0
4442,3
4442,2
4442,1
4442,0
4441,4
4441,3
4441,2
4441,1
4441,0
4440,3
4440,2
4440,1
4440,0
4439,3
4439,2
4439,1
4439,0
4438,5
4438,4
4438,3
4438,2
4438,1
4438,0
4437,3
4437,2
4437,1
4437,0
4436,4
4436,3
4436,2
4436,1
4436,0
4435,3
4435,2
4435,1
4435,0
4383,4
4383,3
4383,2
4383,1
4380,3
4380,2
4380,1
4379,3
4379,2
4379,1
4378,5
4378,4
4378,3
4378,2
4378,1
4375,4
4375,3
4375,2
4375,1
4373,3
4373,2
4373,1
4372,4
4372,3
4372,2
4372,1
4370,4
4370,3
4370,2
4370,1
4369,3
4369,2
4369,1
4368,4
4368,3
4368,2
4368,1
4367,3
4367,2
4367,1
4366,3
4366,2
4366,1
4365,5
4365,4
4365,3
4365,2
4365,1
4364,3
4364,2
4364,1
4363,4
4363,3
4363,2
4363,1
4362,3
4362,2
4362,1
2,6
2,5
2,4
2,3
2,2
2,0
1,3
0,560
0,559
0,524
0,523
0,522
0,521
0,520
0,519
0,518
0,517
0,516
0,515
0,514
0,513
0,512
4383,5
4384,1
4384,3
4387,1
4387,3
4387,4
4390,1
4390,3
4390,4
4394,1
4394,2
4394,4
4394,6
4397,1
4397,3
4397,4
4401,1
4401,2
4401,4
4401,6
4404,1
4404,3
4404,4
4409,1
4409,3
4409,4
4409,6
4409,7
4414,2
4414,3
4414,5
4414,7
4418,1
4418,3
4418,4
4418,6
4423,2
4423,3
4423,5
4423,6
4427,1
4427,2
4427,4
4,3
4427,6
4430,1
4430,3
4430,4
4433,1
4433,3
4433,4
2,1
4433,5
4433,2
4430,5
4430,2
4427,5
4427,3
4423,7
4423,4
4423,1
4418,5
4418,2
4414,6
4414,4
4414,1
4409,5
4409,2
4404,5
4404,2
4401,5
4401,3
4397,5
4397,2
4394,5
4394,3
4390,5
4390,2
4387,5
4387,2
4384,2
0,243
0,9
0,0
0,1
0,300
0,299
0,298
0,297
0,296
0,295
0,294
0,293
0,292
0,291
0,290
0,289
0,288
0,287
0,286
0,285
0,284
0,283
0,282
0,281
0,280
0,279
0,278
0,277
0,276
0,275
0,274
0,273
0,272
0,271
0,270
0,269
0,268
0,267
0,266
0,265
0,264
0,263
0,262
0,261
0,260
0,259
0,258
0,257
0,256
0,255
0,254
0,253
0,252
0,251
0,250
0,249
0,248
0,247
0,246
0,245
0,244
0,242
0,241
0,240
0,239
0,238
0,237
0,236
0,235
0,234
0,233
0,232
0,231
0,230
0,229
0,228
0,227
0,226
0,225
0,224
0,223
0,222
0,221
0,220
0,219
0,218
0,217
0,216
0,215
0,214
0,213
0,212
0,211
0,210
0,209
0,208
0,207
0,206
0,205
0,204
0,203
0,202
0,201
0,200
0,199
0,198
0,197
0,196
0,195
0,194
0,193
0,192
0,63
0,62
0,61
0,60
0,59
0,58
0,57
0,56
0,55
0,54
0,53
0,52
0,51
0,50
0,49
0,48
0,47
0,46
0,45
0,6
0,5
0,304
0,303
0,306
0,305
0,302
0,12
0,10
0,8
0,11
0,4
0,2
0,3
0,7
4433,0
4430,0
4427,0
4423,0
4418,0
4414,0
4409,0
4404,0
4401,0
4397,0
4394,0
4390,0
4387,0
4384,0
4383,0
4380,0
4379,0
4378,0
4375,0
4373,0
4372,0
4370,0
4369,0
4368,0
4367,0
4366,0
4365,0
4364,0
4363,0
4362,0
